71,3
71,2
71,1
71,0
0,509
0,508
70,3
70,2
70,1
70,0
0,507
0,506
69,5
69,4
69,3
69,2
69,1
69,0
68,4
68,3
68,2
68,1
68,0
67,4
67,3
67,2
67,1
67,0
66,4
66,3
66,2
66,1
66,0
65,3
65,2
65,1
65,0
24,0
0,505
0,504
0,503
0,502
0,501
0,500
0,499
0,498
0,497
0,496
0,495
64,3
64,2
64,1
64,0
0,494
63,5
0,493
0,492
63,4
0,491
0,490
63,3
63,2
63,1
63,0
0,489
0,488
62,4
0,487
62,3
62,2
62,1
62,0
0,486
0,485
61,4
0,484
0,483
0,482
61,3
61,2
61,1
61,0
0,481
60,4
60,3
60,2
60,1
60,0
59,3
59,2
59,1
59,0
58,5
58,4
58,3
58,2
58,1
58,0
57,4
57,3
57,2
57,1
57,0
0,480
0,479
56,4
0,478
56,3
56,2
0,477
56,1
56,0
55,4
0,476
0,475
0,474
55,3
55,2
0,473
0,472
55,1
55,0
0,471
0,243
0,470
0,469
0,468
0,467
0,466
49,52
49,51
49,50
